[gd_scene load_steps=21 format=2]

[ext_resource path="res://World.gd" type="Script" id=1]
[ext_resource path="res://MainWorld/Terrain1.tscn" type="PackedScene" id=2]
[ext_resource path="res://MainWorld/Terrain2.tscn" type="PackedScene" id=3]
[ext_resource path="res://MainWorld/Walls.tscn" type="PackedScene" id=4]
[ext_resource path="res://Menus/PauseScreen.tscn" type="PackedScene" id=5]
[ext_resource path="res://Menus/DeathScreen.tscn" type="PackedScene" id=6]
[ext_resource path="res://WorldEnvironment.tscn" type="PackedScene" id=7]
[ext_resource path="res://WaveTimer.tscn" type="PackedScene" id=8]
[ext_resource path="res://Player/Pirate.tscn" type="PackedScene" id=9]
[ext_resource path="res://UIDisplay.tscn" type="PackedScene" id=10]
[ext_resource path="res://MainWorld/Rocks/HengePillar.tscn" type="PackedScene" id=11]
[ext_resource path="res://MainWorld/Rocks/CrystalBundle.tscn" type="PackedScene" id=12]
[ext_resource path="res://MainWorld/Rocks/RockArch.tscn" type="PackedScene" id=13]
[ext_resource path="res://MainWorld/Rocks/SmallerHenge.tscn" type="PackedScene" id=14]
[ext_resource path="res://MainWorld/Rocks/TripleRoundRock.tscn" type="PackedScene" id=15]
[ext_resource path="res://MainWorld/Rocks/BigHenge.tscn" type="PackedScene" id=16]
[ext_resource path="res://MainWorld/Rocks/RockStack.tscn" type="PackedScene" id=17]
[ext_resource path="res://MainWorld/Rocks/RoundRockPile1.tscn" type="PackedScene" id=18]

[sub_resource type="ProceduralSky" id=1]
sky_top_color = Color( 0.211765, 0.313726, 0.552941, 1 )
sky_horizon_color = Color( 0.545098, 0.686275, 0.811765, 1 )
sky_curve = 0.13
ground_bottom_color = Color( 0.545098, 0.686275, 0.811765, 1 )
ground_horizon_color = Color( 0.545098, 0.686275, 0.811765, 1 )
sun_latitude = 30.0
sun_angle_max = 30.0

[sub_resource type="Environment" id=2]
background_mode = 2
background_sky = SubResource( 1 )
ambient_light_color = Color( 0.5, 0.5, 0.5, 1 )
ambient_light_sky_contribution = 0.3
tonemap_mode = 2
tonemap_white = 6.0
glow_enabled = true

[node name="World" type="Spatial"]
script = ExtResource( 1 )

[node name="UIDisplay" parent="." instance=ExtResource( 10 )]

[node name="PauseScreen" parent="." instance=ExtResource( 5 )]

[node name="DeathScreen" parent="." instance=ExtResource( 6 )]
visible = false

[node name="WorldEnvironment" parent="." instance=ExtResource( 7 )]
environment = SubResource( 2 )

[node name="Pirate" parent="." instance=ExtResource( 9 )]

[node name="WaveTimer" parent="." instance=ExtResource( 8 )]

[node name="Terrain" type="Spatial" parent="."]

[node name="Terrain1" parent="Terrain" instance=ExtResource( 2 )]
transform = Transform( 1, 0, 0, 0, 1, 0, 0, 0, 1, 0, 0, -50 )

[node name="Terrain2" parent="Terrain" instance=ExtResource( 3 )]
transform = Transform( 1, 0, 0, 0, 1, 0, 0, 0, 1, 100, 0, -50 )

[node name="Walls" parent="Terrain" instance=ExtResource( 4 )]

[node name="Rocks" type="Spatial" parent="Terrain"]

[node name="BigHenge" parent="Terrain/Rocks" instance=ExtResource( 16 )]
transform = Transform( 0.799475, 0, 0.600699, 0, 1, 0, -0.600699, 0, 0.799475, -83.3283, 0, -32.6272 )

[node name="BigHenge2" parent="Terrain/Rocks" instance=ExtResource( 16 )]
transform = Transform( 0.749374, -0.299165, -0.590712, 0.291181, 0.950114, -0.111792, 0.594687, -0.0882305, 0.799102, 83.1365, -1.27252, 32.1428 )

[node name="RockStack" parent="Terrain/Rocks" instance=ExtResource( 17 )]
transform = Transform( 1, 0, 0, 0, 1, 0, 0, 0, 1, 64.8945, -0.560004, 27.7012 )

[node name="RockStack2" parent="Terrain/Rocks" instance=ExtResource( 17 )]
transform = Transform( 0.704374, 0, -0.709829, 0, 1, 0, 0.709829, 0, 0.704374, -23.1055, -0.221374, 11.9735 )

[node name="RockStack3" parent="Terrain/Rocks" instance=ExtResource( 17 )]
transform = Transform( 0.186095, 0, 0.982532, 0, 1, 0, -0.982532, 0, 0.186095, -30.303, -0.365007, -33.8922 )

[node name="BigHenge3" parent="Terrain/Rocks" instance=ExtResource( 16 )]
transform = Transform( 0.707526, -0.0437912, 0.70533, 0.1248, 0.990134, -0.063715, -0.695581, 0.133105, 0.70601, -27.5219, -1.56884, 37.1145 )

[node name="2CCrystalBundle" parent="Terrain/Rocks" instance=ExtResource( 12 )]
transform = Transform( 1, 0, 0, 0, 1, 0, 0, 0, 1, 73.6663, 0, 16.85 )

[node name="2CCrystalBundle2" parent="Terrain/Rocks" instance=ExtResource( 12 )]
transform = Transform( -0.816642, 0, -0.577145, 0, 1, 0, 0.577145, 0, -0.816642, 81.4927, 0, -37.3111 )

[node name="2CCrystalBundle6" parent="Terrain/Rocks" instance=ExtResource( 12 )]
transform = Transform( -0.363706, 0, 0.931514, 0, 1, 0, -0.931514, 0, -0.363706, 56.8504, 0, -17.4514 )

[node name="2CCrystalBundle3" parent="Terrain/Rocks" instance=ExtResource( 12 )]
transform = Transform( 0.614547, 0, 0.78888, 0, 1, 0, -0.78888, 0, 0.614547, -75.6309, 0, -16.5863 )

[node name="2CCrystalBundle5" parent="Terrain/Rocks" instance=ExtResource( 12 )]
transform = Transform( -0.964077, 0, 0.265624, 0, 1, 0, -0.265624, 0, -0.964077, -58.9259, 0, -40.4323 )

[node name="2CCrystalBundle4" parent="Terrain/Rocks" instance=ExtResource( 12 )]
transform = Transform( -0.0765797, 0, -0.997064, 0, 1, 0, 0.997064, 0, -0.0765797, -68.369, 0, 30.8487 )

[node name="SmallerHenge" parent="Terrain/Rocks" instance=ExtResource( 14 )]
transform = Transform( 0.930129, -0.367232, 0, 0.367232, 0.930129, 0, 0, 0, 1, 0, -1.09901, -31.7753 )

[node name="SmallerHenge2" parent="Terrain/Rocks" instance=ExtResource( 14 )]
transform = Transform( 0.969085, -0.115402, 0.218075, 0.118248, 0.992984, 0, -0.216545, 0.0257869, 0.975932, 33.2251, -0.157945, 29.0988 )

[node name="SmallerHenge3" parent="Terrain/Rocks" instance=ExtResource( 14 )]
transform = Transform( 0.656011, 0.437556, 0.614975, 0.0271382, 0.800604, -0.59858, -0.754263, 0.409364, 0.51333, 81.3884, -0.552761, -15.5703 )

[node name="RockArch" parent="Terrain/Rocks" instance=ExtResource( 13 )]
transform = Transform( 0.838614, 0, -0.544727, 0, 1, 0, 0.544727, 0, 0.838614, 23.2596, 0, -17.4851 )

[node name="RockArch2" parent="Terrain/Rocks" instance=ExtResource( 13 )]
transform = Transform( -0.847039, 0, 0.531531, 0, 1, 0, -0.531531, 0, -0.847039, -81.8111, 0, 11.7058 )

[node name="HengePillar3" parent="Terrain/Rocks" instance=ExtResource( 11 )]
transform = Transform( 0.846881, 0.531783, 0, -0.531783, 0.846881, 0, 0, 0, 1, -86.1192, -0.463369, 37.0184 )

[node name="HengePillar5" parent="Terrain/Rocks" instance=ExtResource( 11 )]
transform = Transform( -0.317607, 0.935764, 0.153206, -0.082412, -0.188201, 0.978667, 0.944634, 0.298205, 0.136892, -82.852, 0.140373, 33.7006 )

[node name="HengePillar4" parent="Terrain/Rocks" instance=ExtResource( 11 )]
transform = Transform( 0.999548, 0.03005, 0, -0.03005, 0.999548, 0, 0, 0, 1, -82.6276, -0.463369, 37.0184 )

[node name="RoundRockPile1" parent="Terrain/Rocks" instance=ExtResource( 18 )]
transform = Transform( 1, 0, 0, 0, 1, 0, 0, 0, 1, 67.0361, 0, -11.2037 )

[node name="RoundRockPile2" parent="Terrain/Rocks" instance=ExtResource( 18 )]
transform = Transform( 0.0133514, 0, -0.999911, 0, 1, 0, 0.999911, 0, 0.0133514, 17.3005, 0, 12.5219 )

[node name="TripleRoundRock" parent="Terrain/Rocks" instance=ExtResource( 15 )]
transform = Transform( 1, 0, 0, 0, 1, 0, 0, 0, 1, 87.8908, 0, 9.73969 )

[node name="HengePillar2" parent="Terrain/Rocks" instance=ExtResource( 11 )]
transform = Transform( 0.946159, 0.323703, 0, -0.323703, 0.946159, 0, 0, 0, 1, -25.301, -0.232639, -18.9686 )

[node name="TripleRoundRock2" parent="Terrain/Rocks" instance=ExtResource( 15 )]
transform = Transform( 0.872453, 0, 0.488697, 0, 1, 0, -0.488697, 0, 0.872453, -41.6195, -0.302462, -5.35292 )

[node name="TripleRoundRock3" parent="Terrain/Rocks" instance=ExtResource( 15 )]
transform = Transform( 0.999379, 0, -0.0352309, 0, 1, 0, 0.0352309, 0, 0.999379, 9.58381, -0.302462, 30.6476 )

[node name="HengePillar" parent="Terrain/Rocks" instance=ExtResource( 11 )]
transform = Transform( 0.9859, 0.151619, -0.0708042, -0.167337, 0.893296, -0.417158, 0, 0.423124, 0.906072, 65.969, -0.877033, -39.7932 )
[connection signal="dead" from="Pirate" to="." method="_on_Pirate_dead"]

[editable path="WorldEnvironment"]
